+-------------------------------------+
|        Program final_project        |
| Author: Jose Antonio Quinonero Gris |
+-------------------------------------+

Model: Logistic                                                                        
Method: E                                                                               

Initial time, t_0 (arbitrary units):       0.00
Time of simulation (arbitrary units):     500.00
Time step (arbitrary units):       0.01
Number of points: 50001

Constants:
alpha =   1.400000
alphaprime =   0.000002
beta =   0.200000
kappa =  15.000000
kappaprime =   0.000002
lambda =   0.100000

Results:
Number of iterations: 1422
Total time of simulation:           14.21

------------------------------------------------
           t            Prey           Predator
------------------------------------------------
           0.00         100.00         100.00
           0.01         105.00         118.60
           0.02         108.30         141.85
           0.03         109.18         170.58
           0.04         106.93         205.44
           0.05         101.00         246.51
           0.06          91.26         292.85
           0.07          78.22         342.20
           0.08          63.19         390.95
           0.09          47.96         434.88
           0.10          34.30         470.51
           0.11          23.30         496.20
           0.12          15.24         512.39
           0.13           9.72         520.83
           0.14           6.11         523.67
           0.15           3.83         522.74
           0.16           2.40         519.43
           0.17           1.51         514.66
           0.18           0.96         509.02
           0.19           0.62         502.88
           0.20           0.40         496.46
           0.21           0.26         489.91
           0.22           0.17         483.32
           0.23           0.11         476.72
           0.24           0.08         470.16
           0.25           0.05         463.66
           0.26           0.04         457.22
           0.27           0.02         450.85
           0.28           0.02         444.57
           0.29           0.01         438.36
           0.30           0.01         432.24
           0.31           0.01         426.20
           0.32           0.00         420.24
           0.33           0.00         414.37
           0.34           0.00         408.57
           0.35           0.00         402.86
           0.36           0.00         397.22
           0.37           0.00         391.67
           0.38           0.00         386.19
           0.39           0.00         380.78
           0.40           0.00         375.46
           0.41           0.00         370.20
           0.42           0.00         365.02
           0.43           0.00         359.91
           0.44           0.00         354.88
           0.45           0.00         349.91
           0.46           0.00         345.02
           0.47           0.00         340.19
           0.48           0.00         335.43
           0.49           0.00         330.73
           0.50           0.00         326.11
           0.51           0.00         321.54
           0.52           0.00         317.04
           0.53           0.00         312.61
           0.54           0.00         308.23
           0.55           0.00         303.92
           0.56           0.00         299.67
           0.57           0.00         295.47
           0.58           0.00         291.34
           0.59           0.00         287.26
           0.60           0.00         283.24
           0.61           0.00         279.28
           0.62           0.00         275.37
           0.63           0.00         271.52
           0.64           0.00         267.72
           0.65           0.00         263.97
           0.66           0.00         260.27
           0.67           0.00         256.63
           0.68           0.00         253.04
           0.69           0.00         249.50
           0.70           0.00         246.01
           0.71           0.00         242.56
           0.72           0.00         239.17
           0.73           0.00         235.82
           0.74           0.00         232.52
           0.75           0.00         229.27
           0.76           0.00         226.06
           0.77           0.00         222.90
           0.78           0.00         219.78
           0.79           0.00         216.70
           0.80           0.00         213.67
           0.81           0.00         210.68
           0.82           0.00         207.73
           0.83           0.00         204.82
           0.84           0.00         201.95
           0.85           0.00         199.13
           0.86           0.00         196.34
           0.87           0.00         193.59
           0.88           0.00         190.88
           0.89           0.00         188.21
           0.90           0.00         185.58
           0.91           0.00         182.98
           0.92           0.00         180.42
           0.93           0.00         177.89
           0.94           0.00         175.40
           0.95           0.00         172.95
           0.96           0.00         170.53
           0.97           0.00         168.14
           0.98           0.00         165.79
           0.99           0.00         163.47
           1.00           0.00         161.18
           1.01           0.00         158.92
           1.02           0.00         156.70
           1.03           0.00         154.51
           1.04           0.00         152.34
           1.05           0.00         150.21
           1.06           0.00         148.11
           1.07           0.00         146.04
           1.08           0.00         143.99
           1.09           0.00         141.98
           1.10           0.00         139.99
           1.11           0.00         138.03
           1.12           0.00         136.10
           1.13           0.00         134.19
           1.14           0.00         132.31
           1.15           0.00         130.46
           1.16           0.00         128.64
           1.17           0.00         126.83
           1.18           0.00         125.06
           1.19           0.00         123.31
           1.20           0.00         121.58
           1.21           0.00         119.88
           1.22           0.00         118.20
           1.23           0.00         116.55
           1.24           0.00         114.92
           1.25           0.00         113.31
           1.26           0.00         111.72
           1.27           0.00         110.16
           1.28           0.00         108.62
           1.29           0.00         107.10
           1.30           0.00         105.60
           1.31           0.00         104.12
           1.32           0.00         102.66
           1.33           0.00         101.22
           1.34           0.00          99.81
           1.35           0.00          98.41
           1.36           0.00          97.03
           1.37           0.00          95.67
           1.38           0.00          94.34
           1.39           0.00          93.01
           1.40           0.00          91.71
           1.41           0.00          90.43
           1.42           0.00          89.16
           1.43           0.00          87.92
           1.44           0.00          86.68
           1.45           0.00          85.47
           1.46           0.00          84.27
           1.47           0.00          83.09
           1.48           0.00          81.93
           1.49           0.00          80.78
           1.50           0.00          79.65
           1.51           0.00          78.54
           1.52           0.00          77.44
           1.53           0.00          76.36
           1.54           0.00          75.29
           1.55           0.00          74.23
           1.56           0.00          73.19
           1.57           0.00          72.17
           1.58           0.00          71.16
           1.59           0.00          70.16
           1.60           0.00          69.18
           1.61           0.00          68.21
           1.62           0.00          67.26
           1.63           0.00          66.32
           1.64           0.00          65.39
           1.65           0.00          64.47
           1.66           0.00          63.57
           1.67           0.00          62.68
           1.68           0.00          61.80
           1.69           0.00          60.94
           1.70           0.00          60.08
           1.71           0.00          59.24
           1.72           0.00          58.41
           1.73           0.00          57.60
           1.74           0.00          56.79
           1.75           0.00          55.99
           1.76           0.00          55.21
           1.77           0.00          54.44
           1.78           0.00          53.68
           1.79           0.00          52.92
           1.80           0.00          52.18
           1.81           0.00          51.45
           1.82           0.00          50.73
           1.83           0.00          50.02
           1.84           0.00          49.32
           1.85           0.00          48.63
           1.86           0.00          47.95
           1.87           0.00          47.28
           1.88           0.00          46.62
           1.89           0.00          45.97
           1.90           0.00          45.32
           1.91           0.00          44.69
           1.92           0.00          44.06
           1.93           0.00          43.44
           1.94           0.00          42.84
           1.95           0.00          42.24
           1.96           0.00          41.65
           1.97           0.00          41.06
           1.98           0.00          40.49
           1.99           0.00          39.92
           2.00           0.00          39.36
           2.01           0.00          38.81
           2.02           0.00          38.27
           2.03           0.00          37.73
           2.04           0.00          37.20
           2.05           0.00          36.68
           2.06           0.00          36.17
           2.07           0.00          35.66
           2.08           0.00          35.16
           2.09           0.00          34.67
           2.10           0.00          34.19
           2.11           0.00          33.71
           2.12           0.00          33.24
           2.13           0.00          32.77
           2.14           0.00          32.31
           2.15           0.00          31.86
           2.16           0.00          31.41
           2.17           0.00          30.97
           2.18           0.00          30.54
           2.19           0.00          30.11
           2.20           0.00          29.69
           2.21           0.00          29.28
           2.22           0.00          28.87
           2.23           0.00          28.46
           2.24           0.00          28.06
           2.25           0.00          27.67
           2.26           0.00          27.28
           2.27           0.00          26.90
           2.28           0.00          26.53
           2.29           0.01          26.16
           2.30           0.01          25.79
           2.31           0.01          25.43
           2.32           0.01          25.07
           2.33           0.01          24.72
           2.34           0.01          24.38
           2.35           0.01          24.04
           2.36           0.01          23.70
           2.37           0.01          23.37
           2.38           0.02          23.04
           2.39           0.02          22.72
           2.40           0.02          22.40
           2.41           0.02          22.09
           2.42           0.02          21.78
           2.43           0.03          21.48
           2.44           0.03          21.18
           2.45           0.04          20.88
           2.46           0.04          20.59
           2.47           0.05          20.31
           2.48           0.05          20.02
           2.49           0.06          19.75
           2.50           0.07          19.47
           2.51           0.07          19.20
           2.52           0.08          18.94
           2.53           0.09          18.67
           2.54           0.11          18.42
           2.55           0.12          18.16
           2.56           0.14          17.91
           2.57           0.16          17.67
           2.58           0.18          17.42
           2.59           0.20          17.19
           2.60           0.23          16.95
           2.61           0.26          16.72
           2.62           0.29          16.50
           2.63           0.33          16.28
           2.64           0.37          16.06
           2.65           0.42          15.85
           2.66           0.48          15.64
           2.67           0.54          15.43
           2.68           0.62          15.23
           2.69           0.70          15.04
           2.70           0.80          14.85
           2.71           0.90          14.67
           2.72           1.02          14.49
           2.73           1.16          14.31
           2.74           1.32          14.15
           2.75           1.50          13.99
           2.76           1.71          13.83
           2.77           1.94          13.69
           2.78           2.20          13.55
           2.79           2.50          13.42
           2.80           2.84          13.30
           2.81           3.23          13.19
           2.82           3.68          13.09
           2.83           4.18          13.00
           2.84           4.75          12.93
           2.85           5.40          12.87
           2.86           6.14          12.83
           2.87           6.99          12.81
           2.88           7.94          12.80
           2.89           9.03          12.83
           2.90          10.27          12.88
           2.91          11.68          12.97
           2.92          13.28          13.09
           2.93          15.10          13.25
           2.94          17.17          13.47
           2.95          19.51          13.74
           2.96          22.17          14.08
           2.97          25.18          14.51
           2.98          28.59          15.04
           2.99          32.45          15.69
           3.00          36.81          16.49
           3.01          41.72          17.47
           3.02          47.25          18.68
           3.03          53.46          20.19
           3.04          60.40          22.06
           3.05          68.13          24.42
           3.06          76.68          27.40
           3.07          86.08          31.22
           3.08          96.31          36.16
           3.09         107.27          42.62
           3.10         118.79          51.17
           3.11         130.53          62.61
           3.12         141.93          78.07
           3.13         152.14          99.14
           3.14         159.88         127.92
           3.15         163.41         167.04
           3.16         160.62         219.29
           3.17         149.49         286.67
           3.18         129.06         368.36
           3.19         100.88         458.29
           3.20          69.78         544.35
           3.21          42.26         612.70
           3.22          22.71         655.92
           3.23          11.22         676.53
           3.24           5.31         682.25
           3.25           2.48         679.95
           3.26           1.17         673.82
           3.27           0.56         665.97
           3.28           0.27         657.40
           3.29           0.13         648.56
           3.30           0.07         639.66
           3.31           0.03         630.80
           3.32           0.02         622.02
           3.33           0.01         613.34
           3.34           0.00         604.77
           3.35           0.00         596.32
           3.36           0.00         587.98
           3.37           0.00         579.76
           3.38           0.00         571.65
           3.39           0.00         563.65
           3.40           0.00         555.77
           3.41           0.00         547.99
           3.42           0.00         540.33
           3.43           0.00         532.77
           3.44           0.00         525.31
           3.45           0.00         517.97
           3.46           0.00         510.72
           3.47           0.00         503.57
           3.48           0.00         496.53
           3.49           0.00         489.58
           3.50           0.00         482.73
           3.51           0.00         475.98
           3.52           0.00         469.32
           3.53           0.00         462.75
           3.54           0.00         456.28
           3.55           0.00         449.90
           3.56           0.00         443.60
           3.57           0.00         437.40
           3.58           0.00         431.28
           3.59           0.00         425.24
           3.60           0.00         419.29
           3.61           0.00         413.43
           3.62           0.00         407.64
           3.63           0.00         401.94
           3.64           0.00         396.31
           3.65           0.00         390.77
           3.66           0.00         385.30
           3.67           0.00         379.91
           3.68           0.00         374.59
           3.69           0.00         369.35
           3.70           0.00         364.18
           3.71           0.00         359.09
           3.72           0.00         354.06
           3.73           0.00         349.11
           3.74           0.00         344.22
           3.75           0.00         339.41
           3.76           0.00         334.66
           3.77           0.00         329.97
           3.78           0.00         325.36
           3.79           0.00         320.80
           3.80           0.00         316.31
           3.81           0.00         311.89
           3.82           0.00         307.52
           3.83           0.00         303.22
           3.84           0.00         298.98
           3.85           0.00         294.79
           3.86           0.00         290.67
           3.87           0.00         286.60
           3.88           0.00         282.59
           3.89           0.00         278.63
           3.90           0.00         274.74
           3.91           0.00         270.89
           3.92           0.00         267.10
           3.93           0.00         263.36
           3.94           0.00         259.68
           3.95           0.00         256.04
           3.96           0.00         252.46
           3.97           0.00         248.93
           3.98           0.00         245.44
           3.99           0.00         242.01
           4.00           0.00         238.62
           4.01           0.00         235.28
           4.02           0.00         231.99
           4.03           0.00         228.74
           4.04           0.00         225.54
           4.05           0.00         222.38
           4.06           0.00         219.27
           4.07           0.00         216.20
           4.08           0.00         213.18
           4.09           0.00         210.19
           4.10           0.00         207.25
           4.11           0.00         204.35
           4.12           0.00         201.49
           4.13           0.00         198.67
           4.14           0.00         195.89
           4.15           0.00         193.15
           4.16           0.00         190.44
           4.17           0.00         187.78
           4.18           0.00         185.15
           4.19           0.00         182.56
           4.20           0.00         180.00
           4.21           0.00         177.48
           4.22           0.00         175.00
           4.23           0.00         172.55
           4.24           0.00         170.14
           4.25           0.00         167.75
           4.26           0.00         165.41
           4.27           0.00         163.09
           4.28           0.00         160.81
           4.29           0.00         158.56
           4.30           0.00         156.34
           4.31           0.00         154.15
           4.32           0.00         151.99
           4.33           0.00         149.87
           4.34           0.00         147.77
           4.35           0.00         145.70
           4.36           0.00         143.66
           4.37           0.00         141.65
           4.38           0.00         139.67
           4.39           0.00         137.71
           4.40           0.00         135.78
           4.41           0.00         133.88
           4.42           0.00         132.01
           4.43           0.00         130.16
           4.44           0.00         128.34
           4.45           0.00         126.54
           4.46           0.00         124.77
           4.47           0.00         123.03
           4.48           0.00         121.30
           4.49           0.00         119.61
           4.50           0.00         117.93
           4.51           0.00         116.28
           4.52           0.00         114.65
           4.53           0.00         113.05
           4.54           0.00         111.47
           4.55           0.00         109.91
           4.56           0.00         108.37
           4.57           0.00         106.85
           4.58           0.00         105.35
           4.59           0.00         103.88
           4.60           0.00         102.43
           4.61           0.00         100.99
           4.62           0.00          99.58
           4.63           0.00          98.18
           4.64           0.00          96.81
           4.65           0.00          95.45
           4.66           0.00          94.12
           4.67           0.00          92.80
           4.68           0.00          91.50
           4.69           0.00          90.22
           4.70           0.00          88.96
           4.71           0.00          87.71
           4.72           0.00          86.48
           4.73           0.00          85.27
           4.74           0.00          84.08
           4.75           0.00          82.90
           4.76           0.00          81.74
           4.77           0.00          80.60
           4.78           0.00          79.47
           4.79           0.00          78.36
           4.80           0.00          77.26
           4.81           0.00          76.18
           4.82           0.00          75.11
           4.83           0.00          74.06
           4.84           0.00          73.03
           4.85           0.00          72.00
           4.86           0.00          70.99
           4.87           0.00          70.00
           4.88           0.00          69.02
           4.89           0.00          68.05
           4.90           0.00          67.10
           4.91           0.00          66.16
           4.92           0.00          65.24
           4.93           0.00          64.32
           4.94           0.00          63.42
           4.95           0.00          62.54
           4.96           0.00          61.66
           4.97           0.00          60.80
           4.98           0.00          59.95
           4.99           0.00          59.11
           5.00           0.00          58.28
           5.01           0.00          57.46
           5.02           0.00          56.66
           5.03           0.00          55.87
           5.04           0.00          55.08
           5.05           0.00          54.31
           5.06           0.00          53.55
           5.07           0.00          52.80
           5.08           0.00          52.06
           5.09           0.00          51.33
           5.10           0.00          50.62
           5.11           0.00          49.91
           5.12           0.00          49.21
           5.13           0.00          48.52
           5.14           0.00          47.84
           5.15           0.00          47.17
           5.16           0.00          46.51
           5.17           0.00          45.86
           5.18           0.00          45.22
           5.19           0.00          44.58
           5.20           0.00          43.96
           5.21           0.00          43.34
           5.22           0.00          42.74
           5.23           0.00          42.14
           5.24           0.00          41.55
           5.25           0.00          40.97
           5.26           0.00          40.39
           5.27           0.00          39.83
           5.28           0.00          39.27
           5.29           0.00          38.72
           5.30           0.00          38.18
           5.31           0.00          37.65
           5.32           0.00          37.12
           5.33           0.00          36.60
           5.34           0.00          36.09
           5.35           0.00          35.58
           5.36           0.00          35.08
           5.37           0.00          34.59
           5.38           0.00          34.11
           5.39           0.00          33.63
           5.40           0.00          33.16
           5.41           0.00          32.70
           5.42           0.00          32.24
           5.43           0.00          31.79
           5.44           0.00          31.34
           5.45           0.00          30.90
           5.46           0.00          30.47
           5.47           0.00          30.04
           5.48           0.00          29.62
           5.49           0.00          29.21
           5.50           0.00          28.80
           5.51           0.00          28.40
           5.52           0.00          28.00
           5.53           0.00          27.61
           5.54           0.00          27.22
           5.55           0.00          26.84
           5.56           0.00          26.46
           5.57           0.00          26.09
           5.58           0.00          25.73
           5.59           0.00          25.37
           5.60           0.00          25.01
           5.61           0.00          24.66
           5.62           0.00          24.32
           5.63           0.00          23.98
           5.64           0.00          23.64
           5.65           0.00          23.31
           5.66           0.00          22.98
           5.67           0.00          22.66
           5.68           0.00          22.34
           5.69           0.00          22.03
           5.70           0.00          21.72
           5.71           0.00          21.42
           5.72           0.00          21.12
           5.73           0.00          20.82
           5.74           0.00          20.53
           5.75           0.00          20.24
           5.76           0.00          19.96
           5.77           0.00          19.68
           5.78           0.00          19.41
           5.79           0.00          19.13
           5.80           0.00          18.87
           5.81           0.00          18.60
           5.82           0.00          18.34
           5.83           0.00          18.09
           5.84           0.00          17.83
           5.85           0.00          17.58
           5.86           0.00          17.34
           5.87           0.00          17.09
           5.88           0.00          16.85
           5.89           0.00          16.62
           5.90           0.00          16.39
           5.91           0.00          16.16
           5.92           0.00          15.93
           5.93           0.00          15.71
           5.94           0.00          15.49
           5.95           0.00          15.27
           5.96           0.00          15.06
           5.97           0.00          14.85
           5.98           0.00          14.64
           5.99           0.00          14.43
           6.00           0.00          14.23
           6.01           0.00          14.03
           6.02           0.00          13.84
           6.03           0.00          13.64
           6.04           0.00          13.45
           6.05           0.00          13.26
           6.06           0.00          13.08
           6.07           0.00          12.89
           6.08           0.00          12.71
           6.09           0.00          12.54
           6.10           0.00          12.36
           6.11           0.00          12.19
           6.12           0.00          12.02
           6.13           0.00          11.85
           6.14           0.00          11.68
           6.15           0.00          11.52
           6.16           0.00          11.36
           6.17           0.00          11.20
           6.18           0.00          11.04
           6.19           0.00          10.89
           6.20           0.00          10.73
           6.21           0.00          10.58
           6.22           0.00          10.44
           6.23           0.00          10.29
           6.24           0.00          10.15
           6.25           0.00          10.00
           6.26           0.00           9.86
           6.27           0.00           9.73
           6.28           0.00           9.59
           6.29           0.00           9.46
           6.30           0.00           9.32
           6.31           0.00           9.19
           6.32           0.00           9.06
           6.33           0.00           8.94
           6.34           0.00           8.81
           6.35           0.00           8.69
           6.36           0.00           8.57
           6.37           0.00           8.45
           6.38           0.00           8.33
           6.39           0.00           8.21
           6.40           0.00           8.10
           6.41           0.00           7.98
           6.42           0.00           7.87
           6.43           0.00           7.76
           6.44           0.00           7.65
           6.45           0.00           7.55
           6.46           0.00           7.44
           6.47           0.00           7.34
           6.48           0.01           7.23
           6.49           0.01           7.13
           6.50           0.01           7.03
           6.51           0.01           6.93
           6.52           0.01           6.84
           6.53           0.01           6.74
           6.54           0.01           6.65
           6.55           0.01           6.55
           6.56           0.02           6.46
           6.57           0.02           6.37
           6.58           0.02           6.28
           6.59           0.02           6.20
           6.60           0.03           6.11
           6.61           0.03           6.02
           6.62           0.03           5.94
           6.63           0.04           5.86
           6.64           0.05           5.78
           6.65           0.05           5.70
           6.66           0.06           5.62
           6.67           0.07           5.54
           6.68           0.08           5.46
           6.69           0.09           5.39
           6.70           0.10           5.31
           6.71           0.12           5.24
           6.72           0.13           5.17
           6.73           0.15           5.10
           6.74           0.18           5.03
           6.75           0.20           4.96
           6.76           0.23           4.89
           6.77           0.26           4.82
           6.78           0.30           4.76
           6.79           0.35           4.69
           6.80           0.40           4.63
           6.81           0.45           4.57
           6.82           0.52           4.51
           6.83           0.60           4.45
           6.84           0.68           4.40
           6.85           0.78           4.34
           6.86           0.90           4.29
           6.87           1.03           4.23
           6.88           1.18           4.18
           6.89           1.35           4.13
           6.90           1.55           4.09
           6.91           1.77           4.04
           6.92           2.03           4.00
           6.93           2.33           3.96
           6.94           2.67           3.92
           6.95           3.06           3.89
           6.96           3.50           3.86
           6.97           4.01           3.83
           6.98           4.60           3.81
           6.99           5.27           3.79
           7.00           6.04           3.78
           7.01           6.93           3.77
           7.02           7.94           3.77
           7.03           9.10           3.78
           7.04          10.43           3.79
           7.05          11.96           3.82
           7.06          13.71           3.86
           7.07          15.71           3.91
           7.08          18.00           3.98
           7.09          20.63           4.06
           7.10          23.64           4.18
           7.11          27.09           4.31
           7.12          31.04           4.49
           7.13          35.55           4.70
           7.14          40.72           4.97
           7.15          46.63           5.31
           7.16          53.37           5.73
           7.17          61.07           6.26
           7.18          69.85           6.94
           7.19          79.84           7.81
           7.20          91.20           8.95
           7.21         104.06          10.45
           7.22         118.58          12.48
           7.23         134.89          15.27
           7.24         153.06          19.17
           7.25         173.09          24.77
           7.26         194.76          33.00
           7.27         217.55          45.40
           7.28         240.30          64.51
           7.29         260.84          94.61
           7.30         275.29         142.65
           7.31         277.31         219.19
           7.32         258.12         337.69
           7.33         209.68         507.30
           7.34         134.76         712.93
           7.35          58.90         895.11
           7.36          15.01         988.04
           7.37           2.43        1003.89
           7.38           0.36         994.74
           7.39           0.06         981.54
           7.40           0.01         967.92
           7.41           0.00         954.41
           7.42           0.00         941.07
           7.43           0.00         927.91
           7.44           0.00         914.94
           7.45           0.00         902.15
           7.46           0.00         889.53
           7.47           0.00         877.10
           7.48           0.00         864.83
           7.49           0.00         852.74
           7.50           0.00         840.81
           7.51           0.00         829.06
           7.52           0.00         817.46
           7.53           0.00         806.03
           7.54           0.00         794.76
           7.55           0.00         783.65
           7.56           0.00         772.69
           7.57           0.00         761.88
           7.58           0.00         751.23
           7.59           0.00         740.72
           7.60           0.00         730.36
           7.61           0.00         720.15
           7.62           0.00         710.08
           7.63           0.00         700.15
           7.64           0.00         690.35
           7.65           0.00         680.70
           7.66           0.00         671.18
           7.67           0.00         661.79
           7.68           0.00         652.53
           7.69           0.00         643.41
           7.70           0.00         634.41
           7.71           0.00         625.53
           7.72           0.00         616.78
           7.73           0.00         608.16
           7.74           0.00         599.65
           7.75           0.00         591.26
           7.76           0.00         582.99
           7.77           0.00         574.84
           7.78           0.00         566.80
           7.79           0.00         558.87
           7.80           0.00         551.05
           7.81           0.00         543.34
           7.82           0.00         535.74
           7.83           0.00         528.24
           7.84           0.00         520.86
           7.85           0.00         513.57
           7.86           0.00         506.38
           7.87           0.00         499.30
           7.88           0.00         492.31
           7.89           0.00         485.43
           7.90           0.00         478.64
           7.91           0.00         471.94
           7.92           0.00         465.34
           7.93           0.00         458.83
           7.94           0.00         452.41
           7.95           0.00         446.08
           7.96           0.00         439.84
           7.97           0.00         433.68
           7.98           0.00         427.61
           7.99           0.00         421.63
           8.00           0.00         415.73
           8.01           0.00         409.92
           8.02           0.00         404.18
           8.03           0.00         398.52
           8.04           0.00         392.95
           8.05           0.00         387.45
           8.06           0.00         382.03
           8.07           0.00         376.68
           8.08           0.00         371.41
           8.09           0.00         366.22
           8.10           0.00         361.09
           8.11           0.00         356.04
           8.12           0.00         351.06
           8.13           0.00         346.14
           8.14           0.00         341.30
           8.15           0.00         336.52
           8.16           0.00         331.82
           8.17           0.00         327.17
           8.18           0.00         322.59
           8.19           0.00         318.08
           8.20           0.00         313.63
           8.21           0.00         309.24
           8.22           0.00         304.91
           8.23           0.00         300.65
           8.24           0.00         296.44
           8.25           0.00         292.29
           8.26           0.00         288.20
           8.27           0.00         284.17
           8.28           0.00         280.19
           8.29           0.00         276.27
           8.30           0.00         272.40
           8.31           0.00         268.59
           8.32           0.00         264.83
           8.33           0.00         261.13
           8.34           0.00         257.47
           8.35           0.00         253.87
           8.36           0.00         250.31
           8.37           0.00         246.81
           8.38           0.00         243.36
           8.39           0.00         239.95
           8.40           0.00         236.59
           8.41           0.00         233.28
           8.42           0.00         230.02
           8.43           0.00         226.80
           8.44           0.00         223.62
           8.45           0.00         220.49
           8.46           0.00         217.41
           8.47           0.00         214.37
           8.48           0.00         211.37
           8.49           0.00         208.41
           8.50           0.00         205.49
           8.51           0.00         202.61
           8.52           0.00         199.78
           8.53           0.00         196.98
           8.54           0.00         194.23
           8.55           0.00         191.51
           8.56           0.00         188.83
           8.57           0.00         186.18
           8.58           0.00         183.58
           8.59           0.00         181.01
           8.60           0.00         178.48
           8.61           0.00         175.98
           8.62           0.00         173.51
           8.63           0.00         171.09
           8.64           0.00         168.69
           8.65           0.00         166.33
           8.66           0.00         164.00
           8.67           0.00         161.71
           8.68           0.00         159.44
           8.69           0.00         157.21
           8.70           0.00         155.01
           8.71           0.00         152.84
           8.72           0.00         150.70
           8.73           0.00         148.59
           8.74           0.00         146.51
           8.75           0.00         144.46
           8.76           0.00         142.44
           8.77           0.00         140.45
           8.78           0.00         138.48
           8.79           0.00         136.54
           8.80           0.00         134.63
           8.81           0.00         132.75
           8.82           0.00         130.89
           8.83           0.00         129.06
           8.84           0.00         127.25
           8.85           0.00         125.47
           8.86           0.00         123.71
           8.87           0.00         121.98
           8.88           0.00         120.27
           8.89           0.00         118.59
           8.90           0.00         116.93
           8.91           0.00         115.29
           8.92           0.00         113.68
           8.93           0.00         112.09
           8.94           0.00         110.52
           8.95           0.00         108.97
           8.96           0.00         107.45
           8.97           0.00         105.94
           8.98           0.00         104.46
           8.99           0.00         103.00
           9.00           0.00         101.56
           9.01           0.00         100.13
           9.02           0.00          98.73
           9.03           0.00          97.35
           9.04           0.00          95.99
           9.05           0.00          94.64
           9.06           0.00          93.32
           9.07           0.00          92.01
           9.08           0.00          90.72
           9.09           0.00          89.45
           9.10           0.00          88.20
           9.11           0.00          86.97
           9.12           0.00          85.75
           9.13           0.00          84.55
           9.14           0.00          83.37
           9.15           0.00          82.20
           9.16           0.00          81.05
           9.17           0.00          79.91
           9.18           0.00          78.80
           9.19           0.00          77.69
           9.20           0.00          76.60
           9.21           0.00          75.53
           9.22           0.00          74.48
           9.23           0.00          73.43
           9.24           0.00          72.40
           9.25           0.00          71.39
           9.26           0.00          70.39
           9.27           0.00          69.41
           9.28           0.00          68.43
           9.29           0.00          67.48
           9.30           0.00          66.53
           9.31           0.00          65.60
           9.32           0.00          64.68
           9.33           0.00          63.78
           9.34           0.00          62.88
           9.35           0.00          62.00
           9.36           0.00          61.14
           9.37           0.00          60.28
           9.38           0.00          59.44
           9.39           0.00          58.60
           9.40           0.00          57.78
           9.41           0.00          56.98
           9.42           0.00          56.18
           9.43           0.00          55.39
           9.44           0.00          54.62
           9.45           0.00          53.85
           9.46           0.00          53.10
           9.47           0.00          52.35
           9.48           0.00          51.62
           9.49           0.00          50.90
           9.50           0.00          50.19
           9.51           0.00          49.48
           9.52           0.00          48.79
           9.53           0.00          48.11
           9.54           0.00          47.43
           9.55           0.00          46.77
           9.56           0.00          46.12
           9.57           0.00          45.47
           9.58           0.00          44.83
           9.59           0.00          44.21
           9.60           0.00          43.59
           9.61           0.00          42.98
           9.62           0.00          42.37
           9.63           0.00          41.78
           9.64           0.00          41.20
           9.65           0.00          40.62
           9.66           0.00          40.05
           9.67           0.00          39.49
           9.68           0.00          38.94
           9.69           0.00          38.39
           9.70           0.00          37.86
           9.71           0.00          37.33
           9.72           0.00          36.80
           9.73           0.00          36.29
           9.74           0.00          35.78
           9.75           0.00          35.28
           9.76           0.00          34.78
           9.77           0.00          34.30
           9.78           0.00          33.82
           9.79           0.00          33.34
           9.80           0.00          32.88
           9.81           0.00          32.42
           9.82           0.00          31.96
           9.83           0.00          31.52
           9.84           0.00          31.07
           9.85           0.00          30.64
           9.86           0.00          30.21
           9.87           0.00          29.79
           9.88           0.00          29.37
           9.89           0.00          28.96
           9.90           0.00          28.55
           9.91           0.00          28.15
           9.92           0.00          27.76
           9.93           0.00          27.37
           9.94           0.00          26.99
           9.95           0.00          26.61
           9.96           0.00          26.24
           9.97           0.00          25.87
           9.98           0.00          25.51
           9.99           0.00          25.15
          10.00           0.00          24.80
          10.01           0.00          24.45
          10.02           0.00          24.11
          10.03           0.00          23.77
          10.04           0.00          23.44
          10.05           0.00          23.11
          10.06           0.00          22.79
          10.07           0.00          22.47
          10.08           0.00          22.15
          10.09           0.00          21.84
          10.10           0.00          21.54
          10.11           0.00          21.24
          10.12           0.00          20.94
          10.13           0.00          20.65
          10.14           0.00          20.36
          10.15           0.00          20.07
          10.16           0.00          19.79
          10.17           0.00          19.51
          10.18           0.00          19.24
          10.19           0.00          18.97
          10.20           0.00          18.71
          10.21           0.00          18.44
          10.22           0.00          18.19
          10.23           0.00          17.93
          10.24           0.00          17.68
          10.25           0.00          17.43
          10.26           0.00          17.19
          10.27           0.00          16.95
          10.28           0.00          16.71
          10.29           0.00          16.48
          10.30           0.00          16.25
          10.31           0.00          16.02
          10.32           0.00          15.79
          10.33           0.00          15.57
          10.34           0.00          15.36
          10.35           0.00          15.14
          10.36           0.00          14.93
          10.37           0.00          14.72
          10.38           0.00          14.51
          10.39           0.00          14.31
          10.40           0.00          14.11
          10.41           0.00          13.91
          10.42           0.00          13.72
          10.43           0.00          13.53
          10.44           0.00          13.34
          10.45           0.00          13.15
          10.46           0.00          12.97
          10.47           0.00          12.78
          10.48           0.00          12.60
          10.49           0.00          12.43
          10.50           0.00          12.25
          10.51           0.00          12.08
          10.52           0.00          11.91
          10.53           0.00          11.75
          10.54           0.00          11.58
          10.55           0.00          11.42
          10.56           0.00          11.26
          10.57           0.00          11.10
          10.58           0.00          10.95
          10.59           0.00          10.79
          10.60           0.00          10.64
          10.61           0.00          10.49
          10.62           0.00          10.35
          10.63           0.00          10.20
          10.64           0.00          10.06
          10.65           0.00           9.92
          10.66           0.00           9.78
          10.67           0.00           9.64
          10.68           0.00           9.51
          10.69           0.00           9.37
          10.70           0.00           9.24
          10.71           0.00           9.11
          10.72           0.00           8.99
          10.73           0.00           8.86
          10.74           0.00           8.74
          10.75           0.00           8.61
          10.76           0.00           8.49
          10.77           0.00           8.37
          10.78           0.00           8.26
          10.79           0.00           8.14
          10.80           0.00           8.03
          10.81           0.00           7.92
          10.82           0.00           7.80
          10.83           0.00           7.70
          10.84           0.00           7.59
          10.85           0.00           7.48
          10.86           0.00           7.38
          10.87           0.00           7.27
          10.88           0.00           7.17
          10.89           0.00           7.07
          10.90           0.00           6.97
          10.91           0.00           6.87
          10.92           0.00           6.78
          10.93           0.00           6.68
          10.94           0.00           6.59
          10.95           0.00           6.50
          10.96           0.00           6.41
          10.97           0.00           6.32
          10.98           0.00           6.23
          10.99           0.00           6.14
          11.00           0.00           6.06
          11.01           0.00           5.97
          11.02           0.00           5.89
          11.03           0.00           5.80
          11.04           0.00           5.72
          11.05           0.00           5.64
          11.06           0.00           5.56
          11.07           0.00           5.49
          11.08           0.00           5.41
          11.09           0.00           5.33
          11.10           0.00           5.26
          11.11           0.00           5.19
          11.12           0.00           5.11
          11.13           0.00           5.04
          11.14           0.00           4.97
          11.15           0.00           4.90
          11.16           0.00           4.83
          11.17           0.00           4.76
          11.18           0.00           4.70
          11.19           0.00           4.63
          11.20           0.00           4.57
          11.21           0.00           4.50
          11.22           0.00           4.44
          11.23           0.00           4.38
          11.24           0.00           4.32
          11.25           0.00           4.26
          11.26           0.00           4.20
          11.27           0.00           4.14
          11.28           0.00           4.08
          11.29           0.00           4.02
          11.30           0.00           3.97
          11.31           0.00           3.91
          11.32           0.00           3.86
          11.33           0.00           3.80
          11.34           0.00           3.75
          11.35           0.00           3.70
          11.36           0.00           3.65
          11.37           0.00           3.59
          11.38           0.00           3.54
          11.39           0.00           3.49
          11.40           0.00           3.45
          11.41           0.00           3.40
          11.42           0.00           3.35
          11.43           0.00           3.30
          11.44           0.00           3.26
          11.45           0.00           3.21
          11.46           0.00           3.17
          11.47           0.00           3.12
          11.48           0.00           3.08
          11.49           0.00           3.03
          11.50           0.00           2.99
          11.51           0.00           2.95
          11.52           0.00           2.91
          11.53           0.00           2.87
          11.54           0.00           2.83
          11.55           0.00           2.79
          11.56           0.00           2.75
          11.57           0.00           2.71
          11.58           0.00           2.67
          11.59           0.00           2.64
          11.60           0.00           2.60
          11.61           0.00           2.56
          11.62           0.00           2.53
          11.63           0.00           2.49
          11.64           0.00           2.46
          11.65           0.00           2.42
          11.66           0.00           2.39
          11.67           0.00           2.35
          11.68           0.00           2.32
          11.69           0.00           2.29
          11.70           0.00           2.26
          11.71           0.00           2.23
          11.72           0.00           2.19
          11.73           0.00           2.16
          11.74           0.00           2.13
          11.75           0.00           2.10
          11.76           0.00           2.07
          11.77           0.00           2.04
          11.78           0.00           2.02
          11.79           0.00           1.99
          11.80           0.00           1.96
          11.81           0.00           1.93
          11.82           0.00           1.91
          11.83           0.00           1.88
          11.84           0.00           1.85
          11.85           0.00           1.83
          11.86           0.00           1.80
          11.87           0.00           1.78
          11.88           0.00           1.75
          11.89           0.00           1.73
          11.90           0.00           1.70
          11.91           0.00           1.68
          11.92           0.00           1.66
          11.93           0.00           1.63
          11.94           0.00           1.61
          11.95           0.00           1.59
          11.96           0.00           1.56
          11.97           0.00           1.54
          11.98           0.00           1.52
          11.99           0.00           1.50
          12.00           0.00           1.48
          12.01           0.00           1.46
          12.02           0.00           1.44
          12.03           0.00           1.42
          12.04           0.00           1.40
          12.05           0.00           1.38
          12.06           0.00           1.36
          12.07           0.00           1.34
          12.08           0.00           1.32
          12.09           0.00           1.30
          12.10           0.00           1.28
          12.11           0.00           1.27
          12.12           0.00           1.25
          12.13           0.00           1.23
          12.14           0.00           1.21
          12.15           0.00           1.20
          12.16           0.00           1.18
          12.17           0.00           1.16
          12.18           0.00           1.15
          12.19           0.00           1.13
          12.20           0.00           1.12
          12.21           0.00           1.10
          12.22           0.00           1.08
          12.23           0.00           1.07
          12.24           0.00           1.05
          12.25           0.00           1.04
          12.26           0.00           1.02
          12.27           0.00           1.01
          12.28           0.00           1.00
          12.29           0.00           0.98
          12.30           0.00           0.97
          12.31           0.00           0.96
          12.32           0.00           0.94
          12.33           0.00           0.93
          12.34           0.00           0.92
          12.35           0.00           0.90
          12.36           0.00           0.89
          12.37           0.00           0.88
          12.38           0.00           0.87
          12.39           0.00           0.85
          12.40           0.00           0.84
          12.41           0.00           0.83
          12.42           0.00           0.82
          12.43           0.00           0.81
          12.44           0.00           0.80
          12.45           0.00           0.78
          12.46           0.00           0.77
          12.47           0.00           0.76
          12.48           0.00           0.75
          12.49           0.00           0.74
          12.50           0.00           0.73
          12.51           0.00           0.72
          12.52           0.00           0.71
          12.53           0.00           0.70
          12.54           0.00           0.69
          12.55           0.00           0.68
          12.56           0.00           0.67
          12.57           0.00           0.66
          12.58           0.00           0.65
          12.59           0.00           0.64
          12.60           0.00           0.63
          12.61           0.00           0.63
          12.62           0.00           0.62
          12.63           0.00           0.61
          12.64           0.00           0.60
          12.65           0.00           0.59
          12.66           0.00           0.58
          12.67           0.00           0.57
          12.68           0.00           0.57
          12.69           0.00           0.56
          12.70           0.00           0.55
          12.71           0.00           0.54
          12.72           0.00           0.54
          12.73           0.00           0.53
          12.74           0.00           0.52
          12.75           0.00           0.51
          12.76           0.00           0.51
          12.77           0.00           0.50
          12.78           0.00           0.49
          12.79           0.00           0.49
          12.80           0.00           0.48
          12.81           0.00           0.47
          12.82           0.00           0.47
          12.83           0.00           0.46
          12.84           0.00           0.45
          12.85           0.00           0.45
          12.86           0.00           0.44
          12.87           0.00           0.43
          12.88           0.00           0.43
          12.89           0.00           0.42
          12.90           0.00           0.42
          12.91           0.00           0.41
          12.92           0.00           0.40
          12.93           0.00           0.40
          12.94           0.00           0.39
          12.95           0.00           0.39
          12.96           0.00           0.38
          12.97           0.00           0.38
          12.98           0.00           0.37
          12.99           0.00           0.37
          13.00           0.00           0.36
          13.01           0.00           0.36
          13.02           0.00           0.35
          13.03           0.00           0.35
          13.04           0.00           0.34
          13.05           0.00           0.34
          13.06           0.00           0.33
          13.07           0.00           0.33
          13.08           0.00           0.32
          13.09           0.00           0.32
          13.10           0.00           0.31
          13.11           0.00           0.31
          13.12           0.00           0.30
          13.13           0.00           0.30
          13.14           0.00           0.30
          13.15           0.00           0.29
          13.16           0.00           0.29
          13.17           0.00           0.28
          13.18           0.00           0.28
          13.19           0.00           0.28
          13.20           0.00           0.27
          13.21           0.00           0.27
          13.22           0.00           0.26
          13.23           0.00           0.26
          13.24           0.00           0.26
          13.25           0.00           0.25
          13.26           0.00           0.25
          13.27           0.00           0.25
          13.28           0.00           0.24
          13.29           0.00           0.24
          13.30           0.00           0.24
          13.31           0.00           0.23
          13.32           0.00           0.23
          13.33           0.01           0.23
          13.34           0.01           0.22
          13.35           0.01           0.22
          13.36           0.01           0.22
          13.37           0.01           0.21
          13.38           0.01           0.21
          13.39           0.01           0.21
          13.40           0.01           0.21
          13.41           0.02           0.20
          13.42           0.02           0.20
          13.43           0.02           0.20
          13.44           0.03           0.19
          13.45           0.03           0.19
          13.46           0.03           0.19
          13.47           0.04           0.19
          13.48           0.04           0.18
          13.49           0.05           0.18
          13.50           0.06           0.18
          13.51           0.07           0.18
          13.52           0.08           0.17
          13.53           0.09           0.17
          13.54           0.10           0.17
          13.55           0.12           0.17
          13.56           0.14           0.16
          13.57           0.16           0.16
          13.58           0.18           0.16
          13.59           0.21           0.16
          13.60           0.24           0.16
          13.61           0.27           0.15
          13.62           0.31           0.15
          13.63           0.36           0.15
          13.64           0.41           0.15
          13.65           0.48           0.15
          13.66           0.55           0.14
          13.67           0.63           0.14
          13.68           0.72           0.14
          13.69           0.83           0.14
          13.70           0.96           0.14
          13.71           1.10           0.13
          13.72           1.26           0.13
          13.73           1.45           0.13
          13.74           1.67           0.13
          13.75           1.92           0.13
          13.76           2.21           0.13
          13.77           2.54           0.13
          13.78           2.92           0.13
          13.79           3.36           0.12
          13.80           3.86           0.12
          13.81           4.44           0.12
          13.82           5.10           0.12
          13.83           5.87           0.12
          13.84           6.75           0.12
          13.85           7.76           0.12
          13.86           8.92           0.12
          13.87          10.26           0.12
          13.88          11.80           0.12
          13.89          13.57           0.12
          13.90          15.60           0.13
          13.91          17.94           0.13
          13.92          20.63           0.13
          13.93          23.72           0.13
          13.94          27.27           0.14
          13.95          31.36           0.14
          13.96          36.06           0.15
          13.97          41.46           0.16
          13.98          47.67           0.17
          13.99          54.81           0.18
          14.00          63.03           0.20
          14.01          72.47           0.22
          14.02          83.32           0.25
          14.03          95.80           0.29
          14.04         110.14           0.34
          14.05         126.62           0.42
          14.06         145.56           0.52
          14.07         167.32           0.66
          14.08         192.31           0.87
          14.09         220.99           1.19
          14.10         253.87           1.70
          14.11         291.52           2.54
          14.12         334.51           3.99
          14.13         383.35           6.60
          14.14         438.32          11.57
          14.15         498.99          21.54
          14.16         563.08          42.74
          14.17         623.47          90.28
          14.18         660.70         201.59
          14.19         626.60         465.16
          14.20         429.12        1041.58
          14.21          46.52        1920.94
