------------------------------
      t       Prey   Predator
------------------------------
      0.00   1000.00    200.00
      1.00    963.00    279.00
      2.00    912.15    385.08
      3.00    844.64    523.65
      4.00    758.72    697.95
      5.00    655.08    906.28
      6.00    538.31   1139.22
      7.00    417.27   1378.83
      8.00    303.46   1602.07
      9.00    207.13   1788.53
     10.00    133.66   1927.77
     11.00     82.53   2021.20
     12.00     49.42   2077.82
     13.00     29.03   2108.50
     14.00     16.87   2122.44
     15.00      9.76   2126.15
     16.00      5.64   2123.82
     17.00      3.26   2118.00
     18.00      1.89   2110.17
     19.00      1.10   2101.21
     20.00      0.64   2091.63
     21.00      0.37   2081.71
     22.00      0.22   2071.61
     23.00      0.13   2061.43
     24.00      0.08   2051.23
     25.00      0.05   2041.04
     26.00      0.03   2030.87
     27.00      0.02   2020.74
     28.00      0.01   2010.65
     29.00      0.01   2000.60
     30.00      0.00   1990.60
     31.00      0.00   1980.65
     32.00      0.00   1970.75
     33.00      0.00   1960.90
     34.00      0.00   1951.10
     35.00      0.00   1941.34
     36.00      0.00   1931.63
     37.00      0.00   1921.98
     38.00      0.00   1912.37
     39.00      0.00   1902.80
     40.00      0.00   1893.29
     41.00      0.00   1883.82
     42.00      0.00   1874.40
     43.00      0.00   1865.03
     44.00      0.00   1855.71
     45.00      0.00   1846.43
     46.00      0.00   1837.20
     47.00      0.00   1828.01
     48.00      0.00   1818.87
     49.00      0.00   1809.78
     50.00      0.00   1800.73
     51.00      0.00   1791.72
     52.00      0.00   1782.77
     53.00      0.00   1773.85
     54.00      0.00   1764.98
     55.00      0.00   1756.16
     56.00      0.00   1747.38
     57.00      0.00   1738.64
     58.00      0.00   1729.95
     59.00      0.00   1721.30
     60.00      0.00   1712.69
     61.00      0.00   1704.13
     62.00      0.00   1695.61
     63.00      0.00   1687.13
     64.00      0.00   1678.69
     65.00      0.00   1670.30
     66.00      0.00   1661.95
     67.00      0.00   1653.64
     68.00      0.00   1645.37
     69.00      0.00   1637.14
     70.00      0.00   1628.96
     71.00      0.00   1620.81
     72.00      0.00   1612.71
     73.00      0.00   1604.64
     74.00      0.00   1596.62
     75.00      0.00   1588.64
     76.00      0.00   1580.70
     77.00      0.00   1572.79
     78.00      0.00   1564.93
     79.00      0.00   1557.10
     80.00      0.00   1549.32
     81.00      0.00   1541.57
     82.00      0.00   1533.86
     83.00      0.00   1526.19
     84.00      0.00   1518.56
     85.00      0.00   1510.97
     86.00      0.00   1503.42
     87.00      0.00   1495.90
     88.00      0.00   1488.42
     89.00      0.00   1480.98
     90.00      0.00   1473.57
     91.00      0.00   1466.20
     92.00      0.00   1458.87
     93.00      0.00   1451.58
     94.00      0.00   1444.32
     95.00      0.00   1437.10
     96.00      0.00   1429.91
     97.00      0.00   1422.76
     98.00      0.00   1415.65
     99.00      0.00   1408.57
    100.00      0.00   1401.53
    101.00      0.00   1394.52
    102.00      0.00   1387.55
    103.00      0.00   1380.61
    104.00      0.00   1373.71
    105.00      0.00   1366.84
    106.00      0.00   1360.01
    107.00      0.00   1353.21
    108.00      0.00   1346.44
    109.00      0.00   1339.71
    110.00      0.00   1333.01
    111.00      0.00   1326.34
    112.00      0.00   1319.71
    113.00      0.00   1313.11
    114.00      0.00   1306.55
    115.00      0.00   1300.01
    116.00      0.00   1293.51
    117.00      0.00   1287.05
    118.00      0.00   1280.61
    119.00      0.00   1274.21
    120.00      0.00   1267.84
    121.00      0.00   1261.50
    122.00      0.00   1255.19
    123.00      0.00   1248.92
    124.00      0.00   1242.67
    125.00      0.00   1236.46
    126.00      0.00   1230.27
    127.00      0.00   1224.12
    128.00      0.00   1218.00
    129.00      0.00   1211.91
    130.00      0.00   1205.85
    131.00      0.00   1199.82
    132.00      0.00   1193.82
    133.00      0.00   1187.86
    134.00      0.00   1181.92
    135.00      0.00   1176.01
    136.00      0.00   1170.13
    137.00      0.00   1164.28
    138.00      0.00   1158.45
    139.00      0.00   1152.66
    140.00      0.00   1146.90
    141.00      0.00   1141.16
    142.00      0.00   1135.46
    143.00      0.00   1129.78
    144.00      0.00   1124.13
    145.00      0.00   1118.51
    146.00      0.00   1112.92
    147.00      0.00   1107.35
    148.00      0.00   1101.82
    149.00      0.00   1096.31
    150.00      0.00   1090.83
    151.00      0.00   1085.37
    152.00      0.00   1079.95
    153.00      0.00   1074.55
    154.00      0.00   1069.17
    155.00      0.00   1063.83
    156.00      0.00   1058.51
    157.00      0.00   1053.22
    158.00      0.00   1047.95
    159.00      0.00   1042.71
    160.00      0.00   1037.50
    161.00      0.00   1032.31
    162.00      0.00   1027.15
    163.00      0.00   1022.01
    164.00      0.00   1016.90
    165.00      0.00   1011.82
    166.00      0.00   1006.76
    167.00      0.00   1001.72
    168.00      0.00    996.72
    169.00      0.00    991.73
    170.00      0.00    986.77
    171.00      0.00    981.84
    172.00      0.00    976.93
    173.00      0.00    972.05
    174.00      0.00    967.19
    175.00      0.00    962.35
    176.00      0.00    957.54
    177.00      0.00    952.75
    178.00      0.00    947.99
    179.00      0.00    943.25
    180.00      0.00    938.53
    181.00      0.00    933.84
    182.00      0.00    929.17
    183.00      0.00    924.52
    184.00      0.00    919.90
    185.00      0.00    915.30
    186.00      0.00    910.72
    187.00      0.00    906.17
    188.00      0.00    901.64
    189.00      0.00    897.13
    190.00      0.00    892.65
    191.00      0.00    888.18
    192.00      0.00    883.74
    193.00      0.00    879.32
    194.00      0.00    874.93
    195.00      0.00    870.55
    196.00      0.00    866.20
    197.00      0.00    861.87
    198.00      0.00    857.56
    199.00      0.00    853.27
    200.00      0.00    849.00
    201.00      0.00    844.76
    202.00      0.00    840.54
    203.00      0.00    836.33
    204.00      0.00    832.15
    205.00      0.00    827.99
    206.00      0.00    823.85
    207.00      0.00    819.73
    208.00      0.00    815.63
    209.00      0.00    811.55
    210.00      0.00    807.50
    211.00      0.00    803.46
    212.00      0.00    799.44
    213.00      0.00    795.45
    214.00      0.00    791.47
    215.00      0.00    787.51
    216.00      0.00    783.57
    217.00      0.00    779.66
    218.00      0.00    775.76
    219.00      0.00    771.88
    220.00      0.00    768.02
    221.00      0.00    764.18
    222.00      0.00    760.36
    223.00      0.00    756.56
    224.00      0.00    752.77
    225.00      0.00    749.01
    226.00      0.00    745.26
    227.00      0.00    741.54
    228.00      0.00    737.83
    229.00      0.00    734.14
    230.00      0.00    730.47
    231.00      0.00    726.82
    232.00      0.00    723.18
    233.00      0.00    719.57
    234.00      0.00    715.97
    235.00      0.00    712.39
    236.00      0.00    708.83
    237.00      0.00    705.28
    238.00      0.00    701.76
    239.00      0.00    698.25
    240.00      0.00    694.76
    241.00      0.00    691.28
    242.00      0.00    687.83
    243.00      0.00    684.39
    244.00      0.00    680.97
    245.00      0.00    677.56
    246.00      0.00    674.17
    247.00      0.00    670.80
    248.00      0.00    667.45
    249.00      0.00    664.11
    250.00      0.00    660.79
    251.00      0.00    657.49
    252.00      0.00    654.20
    253.00      0.00    650.93
    254.00      0.00    647.67
    255.00      0.00    644.44
    256.00      0.00    641.21
    257.00      0.00    638.01
    258.00      0.00    634.82
    259.00      0.00    631.64
    260.00      0.00    628.49
    261.00      0.00    625.34
    262.00      0.00    622.22
    263.00      0.00    619.10
    264.00      0.00    616.01
    265.00      0.00    612.93
    266.00      0.00    609.86
    267.00      0.00    606.82
    268.00      0.00    603.78
    269.00      0.00    600.76
    270.00      0.00    597.76
    271.00      0.00    594.77
    272.00      0.00    591.80
    273.00      0.00    588.84
    274.00      0.00    585.89
    275.00      0.00    582.96
    276.00      0.00    580.05
    277.00      0.00    577.15
    278.00      0.00    574.26
    279.00      0.00    571.39
    280.00      0.00    568.53
    281.00      0.00    565.69
    282.00      0.00    562.86
    283.00      0.00    560.05
    284.00      0.00    557.25
    285.00      0.00    554.46
    286.00      0.00    551.69
    287.00      0.00    548.93
    288.00      0.00    546.19
    289.00      0.00    543.46
    290.00      0.00    540.74
    291.00      0.00    538.03
    292.00      0.00    535.34
    293.00      0.00    532.67
    294.00      0.00    530.00
    295.00      0.00    527.35
    296.00      0.00    524.72
    297.00      0.00    522.09
    298.00      0.00    519.48
    299.00      0.00    516.89
    300.00      0.00    514.30
    301.00      0.00    511.73
    302.00      0.00    509.17
    303.00      0.00    506.63
    304.00      0.00    504.09
    305.00      0.00    501.57
    306.00      0.00    499.06
    307.00      0.00    496.57
    308.00      0.00    494.09
    309.00      0.00    491.62
    310.00      0.00    489.16
    311.00      0.00    486.71
    312.00      0.00    484.28
    313.00      0.00    481.86
    314.00      0.00    479.45
    315.00      0.00    477.05
    316.00      0.00    474.67
    317.00      0.00    472.29
    318.00      0.00    469.93
    319.00      0.00    467.58
    320.00      0.00    465.24
    321.00      0.00    462.92
    322.00      0.00    460.60
    323.00      0.00    458.30
    324.00      0.00    456.01
    325.00      0.00    453.73
    326.00      0.00    451.46
    327.00      0.00    449.20
    328.00      0.00    446.96
    329.00      0.00    444.72
    330.00      0.00    442.50
    331.00      0.00    440.28
    332.00      0.00    438.08
    333.00      0.00    435.89
    334.00      0.00    433.71
    335.00      0.00    431.54
    336.00      0.00    429.39
    337.00      0.00    427.24
    338.00      0.00    425.10
    339.00      0.00    422.98
    340.00      0.00    420.86
    341.00      0.00    418.76
    342.00      0.00    416.67
    343.00      0.00    414.58
    344.00      0.00    412.51
    345.00      0.00    410.45
    346.00      0.00    408.39
    347.00      0.00    406.35
    348.00      0.00    404.32
    349.00      0.00    402.30
    350.00      0.00    400.29
    351.00      0.00    398.29
    352.00      0.00    396.29
    353.00      0.00    394.31
    354.00      0.00    392.34
    355.00      0.00    390.38
    356.00      0.00    388.43
    357.00      0.00    386.49
    358.00      0.00    384.55
    359.00      0.00    382.63
    360.00      0.00    380.72
    361.00      0.00    378.81
    362.00      0.00    376.92
    363.00      0.00    375.04
    364.00      0.00    373.16
    365.00      0.00    371.29
    366.00      0.00    369.44
    367.00      0.00    367.59
    368.00      0.00    365.75
    369.00      0.00    363.92
    370.00      0.00    362.10
    371.00      0.00    360.29
    372.00      0.00    358.49
    373.00      0.00    356.70
    374.00      0.00    354.92
    375.00      0.00    353.14
    376.00      0.00    351.38
    377.00      0.00    349.62
    378.00      0.00    347.87
    379.00      0.00    346.13
    380.00      0.00    344.40
    381.00      0.00    342.68
    382.00      0.00    340.97
    383.00      0.00    339.26
    384.00      0.00    337.56
    385.00      0.00    335.88
    386.00      0.00    334.20
    387.00      0.00    332.53
    388.00      0.00    330.86
    389.00      0.00    329.21
    390.00      0.00    327.56
    391.00      0.00    325.93
    392.00      0.00    324.30
    393.00      0.00    322.67
    394.00      0.00    321.06
    395.00      0.00    319.46
    396.00      0.00    317.86
    397.00      0.00    316.27
    398.00      0.00    314.69
    399.00      0.00    313.11
    400.00      0.00    311.55
    401.00      0.00    309.99
    402.00      0.00    308.44
    403.00      0.00    306.90
    404.00      0.00    305.36
    405.00      0.00    303.84
    406.00      0.00    302.32
    407.00      0.00    300.81
    408.00      0.00    299.30
    409.00      0.00    297.81
    410.00      0.00    296.32
    411.00      0.00    294.84
    412.00      0.00    293.36
    413.00      0.00    291.89
    414.00      0.00    290.44
    415.00      0.00    288.98
    416.00      0.00    287.54
    417.00      0.00    286.10
    418.00      0.00    284.67
    419.00      0.00    283.25
    420.00      0.00    281.83
    421.00      0.00    280.42
    422.00      0.00    279.02
    423.00      0.00    277.62
    424.00      0.00    276.24
    425.00      0.00    274.85
    426.00      0.00    273.48
    427.00      0.00    272.11
    428.00      0.00    270.75
    429.00      0.00    269.40
    430.00      0.00    268.05
    431.00      0.00    266.71
    432.00      0.00    265.38
    433.00      0.00    264.05
    434.00      0.00    262.73
    435.00      0.00    261.42
    436.00      0.00    260.11
    437.00      0.00    258.81
    438.00      0.00    257.52
    439.00      0.00    256.23
    440.00      0.00    254.95
    441.00      0.00    253.67
    442.00      0.00    252.40
    443.00      0.00    251.14
    444.00      0.00    249.89
    445.00      0.00    248.64
    446.00      0.00    247.39
    447.00      0.00    246.16
    448.00      0.00    244.93
    449.00      0.00    243.70
    450.00      0.00    242.48
    451.00      0.00    241.27
    452.00      0.00    240.06
    453.00      0.00    238.86
    454.00      0.00    237.67
    455.00      0.00    236.48
    456.00      0.00    235.30
    457.00      0.00    234.12
    458.00      0.00    232.95
    459.00      0.00    231.79
    460.00      0.00    230.63
    461.00      0.00    229.47
    462.00      0.00    228.33
    463.00      0.00    227.19
    464.00      0.00    226.05
    465.00      0.00    224.92
    466.00      0.00    223.79
    467.00      0.00    222.68
    468.00      0.00    221.56
    469.00      0.00    220.45
    470.00      0.00    219.35
    471.00      0.00    218.26
    472.00      0.00    217.16
    473.00      0.00    216.08
    474.00      0.00    215.00
    475.00      0.00    213.92
    476.00      0.00    212.85
    477.00      0.00    211.79
    478.00      0.00    210.73
    479.00      0.00    209.68
    480.00      0.00    208.63
    481.00      0.00    207.58
    482.00      0.00    206.55
    483.00      0.00    205.51
    484.00      0.00    204.49
    485.00      0.00    203.46
    486.00      0.00    202.45
    487.00      0.00    201.43
    488.00      0.00    200.43
    489.00      0.00    199.43
    490.00      0.00    198.43
    491.00      0.00    197.44
    492.00      0.00    196.45
    493.00      0.00    195.47
    494.00      0.00    194.49
    495.00      0.00    193.52
    496.00      0.00    192.55
    497.00      0.00    191.59
    498.00      0.00    190.63
    499.00      0.00    189.68
    500.00      0.00    188.73
    501.00      0.00    187.78
    502.00      0.00    186.84
    503.00      0.00    185.91
    504.00      0.00    184.98
    505.00      0.00    184.06
    506.00      0.00    183.14
    507.00      0.00    182.22
    508.00      0.00    181.31
    509.00      0.00    180.40
    510.00      0.00    179.50
    511.00      0.00    178.60
    512.00      0.00    177.71
    513.00      0.00    176.82
    514.00      0.00    175.94
    515.00      0.00    175.06
    516.00      0.00    174.18
    517.00      0.00    173.31
    518.00      0.00    172.44
    519.00      0.00    171.58
    520.00      0.00    170.72
    521.00      0.00    169.87
    522.00      0.00    169.02
    523.00      0.00    168.18
    524.00      0.00    167.34
    525.00      0.00    166.50
    526.00      0.00    165.67
    527.00      0.00    164.84
    528.00      0.00    164.01
    529.00      0.00    163.19
    530.00      0.00    162.38
    531.00      0.00    161.57
    532.00      0.00    160.76
    533.00      0.00    159.95
    534.00      0.00    159.15
    535.00      0.00    158.36
    536.00      0.00    157.57
    537.00      0.00    156.78
    538.00      0.00    156.00
    539.00      0.00    155.22
    540.00      0.00    154.44
    541.00      0.00    153.67
    542.00      0.00    152.90
    543.00      0.00    152.13
    544.00      0.00    151.37
    545.00      0.00    150.62
    546.00      0.00    149.86
    547.00      0.00    149.11
    548.00      0.00    148.37
    549.00      0.00    147.63
    550.00      0.00    146.89
    551.00      0.00    146.15
    552.00      0.00    145.42
    553.00      0.00    144.70
    554.00      0.00    143.97
    555.00      0.00    143.25
    556.00      0.00    142.54
    557.00      0.00    141.82
    558.00      0.00    141.11
    559.00      0.00    140.41
    560.00      0.00    139.71
    561.00      0.00    139.01
    562.00      0.00    138.31
    563.00      0.00    137.62
    564.00      0.00    136.93
    565.00      0.00    136.25
    566.00      0.00    135.57
    567.00      0.00    134.89
    568.00      0.00    134.22
    569.00      0.00    133.54
    570.00      0.00    132.88
    571.00      0.00    132.21
    572.00      0.00    131.55
    573.00      0.00    130.89
    574.00      0.00    130.24
    575.00      0.00    129.59
    576.00      0.00    128.94
    577.00      0.00    128.30
    578.00      0.00    127.65
    579.00      0.00    127.02
    580.00      0.00    126.38
    581.00      0.00    125.75
    582.00      0.00    125.12
    583.00      0.00    124.49
    584.00      0.00    123.87
    585.00      0.00    123.25
    586.00      0.00    122.64
    587.00      0.00    122.02
    588.00      0.00    121.41
    589.00      0.00    120.81
    590.00      0.00    120.20
    591.00      0.00    119.60
    592.00      0.00    119.00
    593.00      0.00    118.41
    594.00      0.00    117.82
    595.00      0.00    117.23
    596.00      0.00    116.64
    597.00      0.00    116.06
    598.00      0.00    115.48
    599.00      0.00    114.90
    600.00      0.00    114.33
    601.00      0.00    113.75
    602.00      0.00    113.18
    603.00      0.00    112.62
    604.00      0.00    112.06
    605.00      0.00    111.50
    606.00      0.00    110.94
    607.00      0.00    110.38
    608.00      0.00    109.83
    609.00      0.00    109.28
    610.00      0.00    108.74
    611.00      0.00    108.19
    612.00      0.00    107.65
    613.00      0.00    107.11
    614.00      0.00    106.58
    615.00      0.00    106.04
    616.00      0.00    105.51
    617.00      0.00    104.99
    618.00      0.00    104.46
    619.00      0.00    103.94
    620.00      0.00    103.42
    621.00      0.00    102.90
    622.00      0.00    102.39
    623.00      0.00    101.88
    624.00      0.00    101.37
    625.00      0.00    100.86
    626.00      0.00    100.36
    627.00      0.00     99.85
    628.00      0.00     99.35
    629.00      0.00     98.86
    630.00      0.00     98.36
    631.00      0.00     97.87
    632.00      0.00     97.38
    633.00      0.00     96.90
    634.00      0.00     96.41
    635.00      0.00     95.93
    636.00      0.00     95.45
    637.00      0.00     94.97
    638.00      0.00     94.50
    639.00      0.00     94.02
    640.00      0.00     93.55
    641.00      0.00     93.09
    642.00      0.00     92.62
    643.00      0.00     92.16
    644.00      0.00     91.70
    645.00      0.00     91.24
    646.00      0.00     90.78
    647.00      0.00     90.33
    648.00      0.00     89.88
    649.00      0.00     89.43
    650.00      0.00     88.98
    651.00      0.00     88.54
    652.00      0.00     88.09
    653.00      0.00     87.65
    654.00      0.00     87.21
    655.00      0.00     86.78
    656.00      0.00     86.34
    657.00      0.00     85.91
    658.00      0.00     85.48
    659.00      0.00     85.06
    660.00      0.00     84.63
    661.00      0.00     84.21
    662.00      0.00     83.79
    663.00      0.00     83.37
    664.00      0.00     82.95
    665.00      0.00     82.54
    666.00      0.00     82.12
    667.00      0.00     81.71
    668.00      0.00     81.30
    669.00      0.00     80.90
    670.00      0.00     80.49
    671.00      0.00     80.09
    672.00      0.00     79.69
    673.00      0.00     79.29
    674.00      0.00     78.90
    675.00      0.00     78.50
    676.00      0.00     78.11
    677.00      0.00     77.72
    678.00      0.00     77.33
    679.00      0.00     76.94
    680.00      0.00     76.56
    681.00      0.00     76.17
    682.00      0.00     75.79
    683.00      0.00     75.42
    684.00      0.00     75.04
    685.00      0.00     74.66
    686.00      0.00     74.29
    687.00      0.00     73.92
    688.00      0.00     73.55
    689.00      0.00     73.18
    690.00      0.00     72.81
    691.00      0.00     72.45
    692.00      0.00     72.09
    693.00      0.00     71.73
    694.00      0.00     71.37
    695.00      0.00     71.01
    696.00      0.00     70.66
    697.00      0.00     70.30
    698.00      0.00     69.95
    699.00      0.00     69.60
    700.00      0.00     69.25
    701.00      0.00     68.91
    702.00      0.00     68.56
    703.00      0.00     68.22
    704.00      0.00     67.88
    705.00      0.00     67.54
    706.00      0.00     67.20
    707.00      0.00     66.87
    708.00      0.00     66.53
    709.00      0.00     66.20
    710.00      0.00     65.87
    711.00      0.00     65.54
    712.00      0.00     65.21
    713.00      0.00     64.89
    714.00      0.00     64.56
    715.00      0.00     64.24
    716.00      0.00     63.92
    717.00      0.00     63.60
    718.00      0.00     63.28
    719.00      0.00     62.96
    720.00      0.00     62.65
    721.00      0.00     62.34
    722.00      0.00     62.02
    723.00      0.00     61.71
    724.00      0.00     61.41
    725.00      0.00     61.10
    726.00      0.00     60.79
    727.00      0.00     60.49
    728.00      0.00     60.19
    729.00      0.00     59.89
    730.00      0.00     59.59
    731.00      0.00     59.29
    732.00      0.00     58.99
    733.00      0.00     58.70
    734.00      0.00     58.40
    735.00      0.00     58.11
    736.00      0.00     57.82
    737.00      0.00     57.53
    738.00      0.00     57.24
    739.00      0.00     56.96
    740.00      0.00     56.67
    741.00      0.00     56.39
    742.00      0.00     56.11
    743.00      0.00     55.83
    744.00      0.00     55.55
    745.00      0.00     55.27
    746.00      0.00     54.99
    747.00      0.00     54.72
    748.00      0.00     54.45
    749.00      0.00     54.17
    750.00      0.00     53.90
    751.00      0.00     53.63
    752.00      0.00     53.36
    753.00      0.00     53.10
    754.00      0.00     52.83
    755.00      0.00     52.57
    756.00      0.00     52.30
    757.00      0.00     52.04
    758.00      0.00     51.78
    759.00      0.00     51.52
    760.00      0.00     51.27
    761.00      0.00     51.01
    762.00      0.00     50.76
    763.00      0.00     50.50
    764.00      0.00     50.25
    765.00      0.00     50.00
    766.00      0.00     49.75
    767.00      0.00     49.50
    768.00      0.00     49.25
    769.00      0.00     49.01
    770.00      0.00     48.76
    771.00      0.00     48.52
    772.00      0.00     48.27
    773.00      0.00     48.03
    774.00      0.00     47.79
    775.00      0.00     47.55
    776.00      0.00     47.32
    777.00      0.00     47.08
    778.00      0.00     46.84
    779.00      0.00     46.61
    780.00      0.00     46.38
    781.00      0.00     46.14
    782.00      0.00     45.91
    783.00      0.00     45.68
    784.00      0.00     45.46
    785.00      0.00     45.23
    786.00      0.00     45.00
    787.00      0.00     44.78
    788.00      0.00     44.55
    789.00      0.00     44.33
    790.00      0.00     44.11
    791.00      0.00     43.89
    792.00      0.00     43.67
    793.00      0.00     43.45
    794.00      0.00     43.23
    795.00      0.00     43.02
    796.00      0.00     42.80
    797.00      0.00     42.59
    798.00      0.00     42.38
    799.00      0.00     42.16
    800.00      0.00     41.95
    801.00      0.00     41.74
    802.00      0.00     41.53
    803.00      0.00     41.33
    804.00      0.00     41.12
    805.00      0.00     40.91
    806.00      0.00     40.71
    807.00      0.00     40.51
    808.00      0.00     40.30
    809.00      0.00     40.10
    810.00      0.00     39.90
    811.00      0.00     39.70
    812.00      0.00     39.50
    813.00      0.00     39.31
    814.00      0.00     39.11
    815.00      0.00     38.91
    816.00      0.00     38.72
    817.00      0.00     38.53
    818.00      0.00     38.33
    819.00      0.00     38.14
    820.00      0.00     37.95
    821.00      0.00     37.76
    822.00      0.00     37.57
    823.00      0.00     37.38
    824.00      0.00     37.20
    825.00      0.00     37.01
    826.00      0.00     36.83
    827.00      0.00     36.64
    828.00      0.00     36.46
    829.00      0.00     36.28
    830.00      0.00     36.10
    831.00      0.00     35.91
    832.00      0.00     35.74
    833.00      0.00     35.56
    834.00      0.00     35.38
    835.00      0.00     35.20
    836.00      0.00     35.03
    837.00      0.00     34.85
    838.00      0.00     34.68
    839.00      0.00     34.50
    840.00      0.00     34.33
    841.00      0.00     34.16
    842.00      0.00     33.99
    843.00      0.00     33.82
    844.00      0.00     33.65
    845.00      0.00     33.48
    846.00      0.00     33.31
    847.00      0.00     33.15
    848.00      0.00     32.98
    849.00      0.00     32.82
    850.00      0.00     32.65
    851.00      0.00     32.49
    852.00      0.00     32.33
    853.00      0.00     32.16
    854.00      0.00     32.00
    855.00      0.00     31.84
    856.00      0.00     31.68
    857.00      0.00     31.53
    858.00      0.00     31.37
    859.00      0.00     31.21
    860.00      0.00     31.06
    861.00      0.00     30.90
    862.00      0.00     30.75
    863.00      0.00     30.59
    864.00      0.00     30.44
    865.00      0.00     30.29
    866.00      0.00     30.14
    867.00      0.00     29.99
    868.00      0.00     29.84
    869.00      0.00     29.69
    870.00      0.00     29.54
    871.00      0.00     29.39
    872.00      0.00     29.24
    873.00      0.00     29.10
    874.00      0.00     28.95
    875.00      0.00     28.81
    876.00      0.00     28.66
    877.00      0.00     28.52
    878.00      0.00     28.38
    879.00      0.00     28.23
    880.00      0.00     28.09
    881.00      0.00     27.95
    882.00      0.00     27.81
    883.00      0.00     27.67
    884.00      0.00     27.54
    885.00      0.00     27.40
    886.00      0.00     27.26
    887.00      0.00     27.12
    888.00      0.00     26.99
    889.00      0.00     26.85
    890.00      0.00     26.72
    891.00      0.00     26.59
    892.00      0.00     26.45
    893.00      0.00     26.32
    894.00      0.00     26.19
    895.00      0.00     26.06
    896.00      0.00     25.93
    897.00      0.00     25.80
    898.00      0.00     25.67
    899.00      0.00     25.54
    900.00      0.00     25.41
    901.00      0.00     25.29
    902.00      0.00     25.16
    903.00      0.00     25.03
    904.00      0.00     24.91
    905.00      0.00     24.78
    906.00      0.00     24.66
    907.00      0.00     24.54
    908.00      0.00     24.41
    909.00      0.00     24.29
    910.00      0.00     24.17
    911.00      0.00     24.05
    912.00      0.00     23.93
    913.00      0.00     23.81
    914.00      0.00     23.69
    915.00      0.00     23.57
    916.00      0.00     23.46
    917.00      0.00     23.34
    918.00      0.00     23.22
    919.00      0.00     23.10
    920.00      0.00     22.99
    921.00      0.00     22.87
    922.00      0.00     22.76
    923.00      0.00     22.65
    924.00      0.00     22.53
    925.00      0.00     22.42
    926.00      0.00     22.31
    927.00      0.00     22.20
    928.00      0.00     22.09
    929.00      0.00     21.98
    930.00      0.00     21.87
    931.00      0.00     21.76
    932.00      0.00     21.65
    933.00      0.00     21.54
    934.00      0.00     21.43
    935.00      0.00     21.32
    936.00      0.00     21.22
    937.00      0.00     21.11
    938.00      0.00     21.01
    939.00      0.00     20.90
    940.00      0.00     20.80
    941.00      0.00     20.69
    942.00      0.00     20.59
    943.00      0.00     20.49
    944.00      0.00     20.38
    945.00      0.00     20.28
    946.00      0.00     20.18
    947.00      0.00     20.08
    948.00      0.00     19.98
    949.00      0.00     19.88
    950.00      0.00     19.78
    951.00      0.00     19.68
    952.00      0.00     19.58
    953.00      0.00     19.48
    954.00      0.00     19.39
    955.00      0.00     19.29
    956.00      0.00     19.19
    957.00      0.00     19.10
    958.00      0.00     19.00
    959.00      0.00     18.91
    960.00      0.00     18.81
    961.00      0.00     18.72
    962.00      0.00     18.63
    963.00      0.00     18.53
    964.00      0.00     18.44
    965.00      0.00     18.35
    966.00      0.00     18.26
    967.00      0.00     18.16
    968.00      0.00     18.07
    969.00      0.00     17.98
    970.00      0.00     17.89
    971.00      0.00     17.80
    972.00      0.00     17.71
    973.00      0.00     17.63
    974.00      0.00     17.54
    975.00      0.00     17.45
    976.00      0.00     17.36
    977.00      0.00     17.28
    978.00      0.00     17.19
    979.00      0.00     17.10
    980.00      0.00     17.02
    981.00      0.00     16.93
    982.00      0.00     16.85
    983.00      0.00     16.76
    984.00      0.00     16.68
    985.00      0.00     16.60
    986.00      0.00     16.51
    987.00      0.00     16.43
    988.00      0.00     16.35
    989.00      0.00     16.27
    990.00      0.00     16.19
    991.00      0.00     16.11
    992.00      0.00     16.02
    993.00      0.00     15.94
    994.00      0.00     15.86
    995.00      0.00     15.79
    996.00      0.00     15.71
    997.00      0.00     15.63
    998.00      0.00     15.55
    999.00      0.00     15.47
